log_level: Info
camera_type: galaxy
camera_name: camera0
camera_frame_id: camera_optical
image_publish_interval_ms: 0 # 很玄学，循环等待时间非零时订阅端就会出现秒量级的延迟
cam_info_publish_interval_ms: 1000
camera_info:
  view_width_px: 1440
  view_height_px: 1080
  camera_matrix: [2410.6082812904583, 0.0, 720.9494148705954, 0.0, 2409.129686034073, 519.3402327013587, 0.0, 0.0, 1.0]
  distortion_coefficients: [-0.09796198583636388, 0.23337065973353116, 9.352013680842097e-05, -0.0016149198668571397, 0.0]
camera_params:
  exposure_time: 3000
  gain: 15.0
  frame_rate: 100
